31
Pms_BRB1162a 0.0000000 0.0000010 0.0253189 0.1136217 0.1133775 0.1759206 0.1133775 0.1133775 0.0889680 0.0889680 0.1133775 0.1133775 0.1387605 0.1387605 0.1387605 0.1133775 0.0889680 0.0889680 0.1387605 0.1136217 0.1133775 0.0661598 0.0661598 0.0656123 0.0656123 0.0658849 0.1164365 0.1164365 0.0895335 0.1747095 0.2045619 
Pmw_DHB5399a 0.0000010 0.0000000 0.0253189 0.1136217 0.1133775 0.1759206 0.1133775 0.1133775 0.0889680 0.0889680 0.1133775 0.1133775 0.1387605 0.1387605 0.1387605 0.1133775 0.0889680 0.0889680 0.1387605 0.1136217 0.1133775 0.0661598 0.0661598 0.0656123 0.0656123 0.0658849 0.1164365 0.1164365 0.0895335 0.1747095 0.2045619 
Pme_dhb4768b 0.0253189 0.0253189 0.0000000 0.1764166 0.1764166 0.1387352 0.1387352 0.1387352 0.1083778 0.1083778 0.1387352 0.1387352 0.1705933 0.1705933 0.1705933 0.1387352 0.1083778 0.1083778 0.1705933 0.1387352 0.1387352 0.0522749 0.0522749 0.0517631 0.0517631 0.0520177 0.0794197 0.0794197 0.0520177 0.1478793 0.1827699 
Pms_BRB1162b 0.1136217 0.1136217 0.1764166 0.0000000 0.0420751 0.1383708 0.2602951 0.2602951 0.2288753 0.2288753 0.2602951 0.2602951 0.2931975 0.2931975 0.2931975 0.2602951 0.2288753 0.2288753 0.2931975 0.1988599 0.1988599 0.2007721 0.2007721 0.1988599 0.1988599 0.1998114 0.2050690 0.2050690 0.1709630 0.3571540 0.3174280 
Pme_JK09429a 0.1133775 0.1133775 0.1764166 0.0420751 0.0000000 0.1383708 0.1983877 0.1983877 0.1697742 0.1697742 0.1983877 0.1983877 0.2283181 0.2283181 0.2283181 0.1983877 0.1697742 0.1697742 0.2283181 0.1427203 0.1423973 0.2007721 0.2007721 0.1988599 0.1988599 0.1998114 0.2050690 0.2050690 0.1709630 0.3560839 0.3165135 
Pme_dhb4768a 0.1759206 0.1759206 0.1387352 0.1383708 0.1383708 0.0000000 0.3288924 0.3288924 0.2873023 0.2873023 0.2480444 0.2480444 0.2873023 0.3729398 0.3729398 0.3288924 0.2873023 0.2873023 0.3729398 0.2480444 0.2480444 0.2134461 0.2134461 0.2109700 0.2109700 0.2122007 0.1759206 0.1759206 0.1435229 0.3660879 0.3163792 
Pc_116284a   0.1133775 0.1133775 0.1387352 0.2602951 0.1983877 0.3288924 0.0000000 0.0000010 0.0205992 0.0205992 0.0419086 0.0419086 0.0639681 0.1605211 0.1605211 0.1350514 0.1104974 0.1104974 0.1605211 0.1612185 0.1608690 0.0877156 0.0877156 0.0869953 0.0869953 0.0873540 0.1926730 0.1926730 0.1615695 0.2589990 0.2917007 
Pc_116283a   0.1133775 0.1133775 0.1387352 0.2602951 0.1983877 0.3288924 0.0000010 0.0000000 0.0205992 0.0205992 0.0419086 0.0419086 0.0639681 0.1605211 0.1605211 0.1350514 0.1104974 0.1104974 0.1605211 0.1612185 0.1608690 0.0877156 0.0877156 0.0869953 0.0869953 0.0873540 0.1926730 0.1926730 0.1615695 0.2589990 0.2917007 
Pac_TA22a    0.0889680 0.0889680 0.1083778 0.2288753 0.1697742 0.2873023 0.0205992 0.0205992 0.0000000 0.0000010 0.0205992 0.0205992 0.0419086 0.1350514 0.1350514 0.1104974 0.0868170 0.0868170 0.1350514 0.1356275 0.1353388 0.0646185 0.0646185 0.0640972 0.0640972 0.0643568 0.1651733 0.1651733 0.1359175 0.2277636 0.2589990 
Pac_TA22b    0.0889680 0.0889680 0.1083778 0.2288753 0.1697742 0.2873023 0.0205992 0.0205992 0.0000010 0.0000000 0.0205992 0.0205992 0.0419086 0.1350514 0.1350514 0.1104974 0.0868170 0.0868170 0.1350514 0.1356275 0.1353388 0.0646185 0.0646185 0.0640972 0.0640972 0.0643568 0.1651733 0.1651733 0.1359175 0.2277636 0.2589990 
Pa_B8248a    0.1133775 0.1133775 0.1387352 0.2602951 0.1983877 0.2480444 0.0419086 0.0419086 0.0205992 0.0205992 0.0000000 0.0000010 0.0205992 0.1605211 0.1605211 0.1350514 0.1104974 0.1104974 0.1605211 0.1612185 0.1608690 0.0877156 0.0877156 0.0869953 0.0869953 0.0873540 0.1926730 0.1926730 0.1615695 0.2589990 0.2917007 
Pa_B8248b    0.1133775 0.1133775 0.1387352 0.2602951 0.1983877 0.2480444 0.0419086 0.0419086 0.0205992 0.0205992 0.0000010 0.0000000 0.0205992 0.1605211 0.1605211 0.1350514 0.1104974 0.1104974 0.1605211 0.1612185 0.1608690 0.0877156 0.0877156 0.0869953 0.0869953 0.0873540 0.1926730 0.1926730 0.1615695 0.2589990 0.2917007 
Pc_B5186b    0.1387605 0.1387605 0.1705933 0.2931975 0.2283181 0.2873023 0.0639681 0.0639681 0.0419086 0.0419086 0.0205992 0.0205992 0.0000000 0.1869473 0.1869473 0.1605211 0.1350514 0.1350514 0.1869473 0.1877744 0.1873599 0.1116620 0.1116620 0.1107283 0.1107283 0.1111932 0.2213152 0.2213152 0.1881907 0.2589990 0.2917007 
Py_BTS08324a 0.1387605 0.1387605 0.1705933 0.2931975 0.2283181 0.3729398 0.1605211 0.1605211 0.1350514 0.1350514 0.1605211 0.1605211 0.1869473 0.0000000 0.0000010 0.0205992 0.0419086 0.0419086 0.0868170 0.0871742 0.0869953 0.1622761 0.1622761 0.1608690 0.1608690 0.1615695 0.2213152 0.2213152 0.1881907 0.2917007 0.3259356 
Py_BTS08324b 0.1387605 0.1387605 0.1705933 0.2931975 0.2283181 0.3729398 0.1605211 0.1605211 0.1350514 0.1350514 0.1605211 0.1605211 0.1869473 0.0000010 0.0000000 0.0205992 0.0419086 0.0419086 0.0868170 0.0871742 0.0869953 0.1622761 0.1622761 0.1608690 0.1608690 0.1615695 0.2213152 0.2213152 0.1881907 0.2917007 0.3259356 
Ps_SIN152b   0.1133775 0.1133775 0.1387352 0.2602951 0.1983877 0.3288924 0.1350514 0.1350514 0.1104974 0.1104974 0.1350514 0.1350514 0.1605211 0.0205992 0.0205992 0.0000000 0.0205992 0.0205992 0.0639681 0.0642267 0.0640972 0.1365011 0.1365011 0.1353388 0.1353388 0.1359175 0.1926730 0.1926730 0.1615695 0.2589990 0.2917007 
Ps_SIN152a   0.0889680 0.0889680 0.1083778 0.2288753 0.1697742 0.2873023 0.1104974 0.1104974 0.0868170 0.0868170 0.1104974 0.1104974 0.1350514 0.0419086 0.0419086 0.0205992 0.0000000 0.0000010 0.0419086 0.0420751 0.0419917 0.1116620 0.1116620 0.1107283 0.1107283 0.1111932 0.1651733 0.1651733 0.1359175 0.2277636 0.2589990 
Py_BTS08305a 0.0889680 0.0889680 0.1083778 0.2288753 0.1697742 0.2873023 0.1104974 0.1104974 0.0868170 0.0868170 0.1104974 0.1104974 0.1350514 0.0419086 0.0419086 0.0205992 0.0000010 0.0000000 0.0419086 0.0420751 0.0419917 0.1116620 0.1116620 0.1107283 0.1107283 0.1111932 0.1651733 0.1651733 0.1359175 0.2277636 0.2589990 
Py_BTS08305b 0.1387605 0.1387605 0.1705933 0.2931975 0.2283181 0.3729398 0.1605211 0.1605211 0.1350514 0.1350514 0.1605211 0.1605211 0.1869473 0.0868170 0.0868170 0.0639681 0.0419086 0.0419086 0.0000000 0.0871742 0.0869953 0.1622761 0.1622761 0.1608690 0.1608690 0.1615695 0.2213152 0.2213152 0.1881907 0.2589990 0.2917007 
Pmw_DHB5399b 0.1136217 0.1136217 0.1387352 0.1988599 0.1427203 0.2480444 0.1612185 0.1612185 0.1356275 0.1356275 0.1612185 0.1612185 0.1877744 0.0871742 0.0871742 0.0642267 0.0420751 0.0420751 0.0871742 0.0000000 0.0000010 0.1626317 0.1626317 0.1612185 0.1612185 0.1619220 0.2218333 0.2218333 0.1886088 0.2931975 0.3276498 
Pme_JK09429b 0.1133775 0.1133775 0.1387352 0.1988599 0.1423973 0.2480444 0.1608690 0.1608690 0.1353388 0.1353388 0.1608690 0.1608690 0.1873599 0.0869953 0.0869953 0.0640972 0.0419917 0.0419917 0.0869953 0.0000010 0.0000000 0.1626317 0.1626317 0.1612185 0.1612185 0.1619220 0.2218333 0.2218333 0.1886088 0.2924471 0.3267904 
Pl_DHB5709a  0.0661598 0.0661598 0.0522749 0.2007721 0.2007721 0.2134461 0.0877156 0.0877156 0.0646185 0.0646185 0.0877156 0.0877156 0.1116620 0.1622761 0.1622761 0.1365011 0.1116620 0.1116620 0.1622761 0.1626317 0.1626317 0.0000000 0.0000010 0.0000010 0.0000010 0.0000010 0.0897237 0.0897237 0.0648823 0.2002906 0.2305636 
Pl_DHB5709b  0.0661598 0.0661598 0.0522749 0.2007721 0.2007721 0.2134461 0.0877156 0.0877156 0.0646185 0.0646185 0.0877156 0.0877156 0.1116620 0.1622761 0.1622761 0.1365011 0.1116620 0.1116620 0.1622761 0.1626317 0.1626317 0.0000010 0.0000000 0.0000010 0.0000010 0.0000010 0.0897237 0.0897237 0.0648823 0.2002906 0.2305636 
Pl_TKA28a    0.0656123 0.0656123 0.0517631 0.1988599 0.1988599 0.2109700 0.0869953 0.0869953 0.0640972 0.0640972 0.0869953 0.0869953 0.1107283 0.1608690 0.1608690 0.1353388 0.1107283 0.1107283 0.1608690 0.1612185 0.1612185 0.0000010 0.0000010 0.0000000 0.0000010 0.0000010 0.0889680 0.0889680 0.0643568 0.1983877 0.2283181 
Pl_TKA28b    0.0656123 0.0656123 0.0517631 0.1988599 0.1988599 0.2109700 0.0869953 0.0869953 0.0640972 0.0640972 0.0869953 0.0869953 0.1107283 0.1608690 0.1608690 0.1353388 0.1107283 0.1107283 0.1608690 0.1612185 0.1612185 0.0000010 0.0000010 0.0000010 0.0000000 0.0000010 0.0889680 0.0889680 0.0643568 0.1983877 0.2283181 
Pl_DHB5227a  0.0658849 0.0658849 0.0520177 0.1998114 0.1998114 0.2122007 0.0873540 0.0873540 0.0643568 0.0643568 0.0873540 0.0873540 0.1111932 0.1615695 0.1615695 0.1359175 0.1111932 0.1111932 0.1615695 0.1619220 0.1619220 0.0000010 0.0000010 0.0000010 0.0000010 0.0000000 0.0893442 0.0893442 0.0643568 0.1993345 0.2294352 
Pt_B16050a   0.1164365 0.1164365 0.0794197 0.2050690 0.2050690 0.1759206 0.1926730 0.1926730 0.1651733 0.1651733 0.1926730 0.1926730 0.2213152 0.2213152 0.2213152 0.1926730 0.1651733 0.1651733 0.2213152 0.2218333 0.2218333 0.0897237 0.0897237 0.0889680 0.0889680 0.0893442 0.0000000 0.0000010 0.0657483 0.2689789 0.2359450 
Pt_B16050b   0.1164365 0.1164365 0.0794197 0.2050690 0.2050690 0.1759206 0.1926730 0.1926730 0.1651733 0.1651733 0.1926730 0.1926730 0.2213152 0.2213152 0.2213152 0.1926730 0.1651733 0.1651733 0.2213152 0.2218333 0.2218333 0.0897237 0.0897237 0.0889680 0.0889680 0.0893442 0.0000010 0.0000000 0.0657483 0.2689789 0.2359450 
Pl_DHB5227b  0.0895335 0.0895335 0.0520177 0.1709630 0.1709630 0.1435229 0.1615695 0.1615695 0.1359175 0.1359175 0.1615695 0.1615695 0.1881907 0.1881907 0.1881907 0.1615695 0.1359175 0.1359175 0.1881907 0.1886088 0.1886088 0.0648823 0.0648823 0.0643568 0.0643568 0.0643568 0.0657483 0.0657483 0.0000000 0.2294352 0.1993345 
Gr_JK04078a  0.1747095 0.1747095 0.1478793 0.3571540 0.3560839 0.3660879 0.2589990 0.2589990 0.2277636 0.2277636 0.2589990 0.2589990 0.2589990 0.2917007 0.2917007 0.2589990 0.2277636 0.2277636 0.2589990 0.2931975 0.2924471 0.2002906 0.2002906 0.1983877 0.1983877 0.1993345 0.2689789 0.2689789 0.2294352 0.0000000 0.0205992 
Gr_JK04078b  0.2045619 0.2045619 0.1827699 0.3174280 0.3165135 0.3163792 0.2917007 0.2917007 0.2589990 0.2589990 0.2917007 0.2917007 0.2917007 0.3259356 0.3259356 0.2917007 0.2589990 0.2589990 0.2917007 0.3276498 0.3267904 0.2305636 0.2305636 0.2283181 0.2283181 0.2294352 0.2359450 0.2359450 0.1993345 0.0205992 0.0000000 
